../../.git/annex/objects/Mg/xj/MD5E-s21658261--dac4c55eeae27b1d2a87d163cb4a5f53.csv/MD5E-s21658261--dac4c55eeae27b1d2a87d163cb4a5f53.csv